\e[49m                                                  \e[m
\e[49m                                                  \e[m
\e[49m                                                  \e[m
\e[49m                                                  \e[m
\e[49m                     \e[38;2;170;154;157;49m▄\e[38;2;201;192;195;49m▄\e[38;2;236;231;234;48;2;165;156;156m▄\e[38;2;229;223;229;48;2;198;187;192m▄\e[38;2;221;208;217;48;2;193;178;182m▄\e[38;2;226;219;224;48;2;121;101;107m▄\e[38;2;235;232;235;48;2;174;168;171m▄\e[38;2;200;189;196;48;2;112;90;101m▄\e[38;2;149;136;142;49m▄\e[38;2;105;85;98;49m▄\e[49m                   \e[m
\e[49m                   \e[38;2;174;153;159;49m▄\e[38;2;240;235;236;48;2;180;156;162m▄\e[38;2;247;243;245;48;2;233;230;230m▄\e[38;2;248;245;246;48;2;238;230;233m▄\e[38;2;220;206;212;48;2;239;233;238m▄\e[38;2;236;227;231;48;2;214;193;203m▄\e[38;2;234;228;231;48;2;210;192;198m▄\e[38;2;234;228;232;48;2;217;207;211m▄\e[38;2;226;220;225;48;2;186;172;179m▄\e[38;2;228;217;227;48;2;183;171;181m▄\e[38;2;182;168;181;48;2;178;164;178m▄\e[38;2;170;154;167;48;2;161;145;159m▄\e[38;2;159;140;155;48;2;133;113;125m▄\e[38;2;139;114;130;49m▄\e[49m                 \e[m
\e[49m                 \e[38;2;132;104;104;49m▄\e[38;2;224;218;221;48;2;175;148;156m▄\e[38;2;239;236;236;48;2;249;245;248m▄\e[38;2;253;253;253;48;2;255;253;252m▄\e[38;2;253;252;252;48;2;253;252;250m▄\e[38;2;211;197;202;48;2;251;250;250m▄\e[38;2;253;250;249;48;2;227;217;221m▄\e[38;2;237;233;233;48;2;255;250;251m▄\e[38;2;253;252;253;48;2;254;250;249m▄\e[38;2;249;249;249;48;2;252;250;250m▄\e[38;2;252;249;250;48;2;246;241;245m▄\e[38;2;231;227;230;48;2;236;229;235m▄\e[38;2;223;215;222;48;2;220;212;219m▄\e[38;2;206;195;205;48;2;182;171;183m▄\e[38;2;190;172;187;48;2;168;151;167m▄\e[38;2;165;147;163;48;2;156;143;154m▄\e[38;2;163;147;161;48;2;105;91;105m▄\e[49m                \e[m
\e[49m                \e[38;2;153;122;129;49m▄\e[38;2;237;227;231;48;2;190;175;178m▄\e[38;2;226;214;220;48;2;243;242;243m▄\e[38;2;254;252;253;48;2;249;246;247m▄\e[38;2;254;254;254;48;2;255;254;255m▄\e[38;2;251;250;251;48;2;254;253;254m▄\e[38;2;242;237;239;48;2;238;234;235m▄\e[38;2;247;242;244;48;2;251;250;249m▄\e[38;2;242;234;236;48;2;239;234;233m▄\e[38;2;243;237;239;48;2;254;251;252m▄\e[38;2;236;232;236;48;2;245;243;244m▄\e[38;2;218;210;216;48;2;234;230;233m▄\e[38;2;200;189;197;48;2;228;221;226m▄\e[38;2;192;178;188;48;2;216;208;215m▄\e[38;2;210;200;211;48;2;206;196;205m▄\e[38;2;158;139;155;48;2;195;184;196m▄\e[38;2;163;141;160;48;2;161;139;156m▄\e[38;2;148;128;144;48;2;162;143;160m▄\e[38;2;156;137;153;48;2;169;157;169m▄\e[38;2;144;122;138;48;2;76;57;66m▄\e[38;2;85;68;68;49m▄\e[49m             \e[m
\e[49m               \e[38;2;196;172;179;49m▄\e[38;2;217;201;208;48;2;215;196;203m▄\e[38;2;199;181;189;48;2;219;207;213m▄\e[38;2;203;188;196;48;2;220;204;210m▄\e[38;2;238;233;237;48;2;248;247;248m▄\e[38;2;247;246;247;48;2;254;254;254m▄\e[38;2;199;167;170;48;2;230;214;217m▄\e[38;2;226;206;208;48;2;238;225;227m▄\e[38;2;239;224;228;48;2;246;237;240m▄\e[38;2;204;179;180;48;2;228;217;221m▄\e[38;2;226;207;215;48;2;228;218;223m▄\e[38;2;229;217;224;48;2;230;222;230m▄\e[38;2;215;199;205;48;2;214;203;212m▄\e[38;2;179;155;163;48;2;185;163;174m▄\e[38;2;171;139;156;48;2;187;162;182m▄\e[38;2;176;146;164;48;2;189;169;185m▄\e[38;2;173;147;164;48;2;173;149;165m▄\e[38;2;159;134;153;48;2;160;134;154m▄\e[38;2;149;124;144;48;2;151;126;147m▄\e[38;2;139;118;136;48;2;140;119;136m▄\e[38;2;73;55;55;48;2;137;116;131m▄\e[38;2;139;114;131;48;2;134;115;129m▄\e[38;2;119;98;119;49m▄\e[49m            \e[m
\e[49m            \e[49;38;2;136;119;127m▀\e[38;2;143;122;133;48;2;158;135;144m▄\e[38;2;142;99;128;48;2;181;163;173m▄\e[38;2;138;112;121;48;2;199;185;193m▄\e[38;2;213;198;209;48;2;202;186;195m▄\e[38;2;189;169;181;48;2;202;186;196m▄\e[38;2;219;205;214;48;2;221;210;217m▄\e[38;2;233;221;227;48;2;237;227;233m▄\e[38;2;239;234;235;48;2;242;237;239m▄\e[38;2;214;183;194;48;2;204;166;171m▄\e[38;2;219;194;194;48;2;204;178;182m▄\e[38;2;223;209;211;48;2;227;211;215m▄\e[38;2;210;187;185;48;2;212;186;185m▄\e[38;2;216;191;198;48;2;209;180;185m▄\e[38;2;219;181;185;48;2;217;191;202m▄\e[38;2;213;176;188;48;2;215;189;199m▄\e[38;2;219;191;187;48;2;176;150;147m▄\e[38;2;122;82;89;48;2;186;145;147m▄\e[38;2;89;42;49;48;2;171;141;149m▄\e[38;2;128;91;100;48;2;173;142;156m▄\e[38;2;160;129;140;48;2;157;130;145m▄\e[38;2;156;131;151;48;2;143;118;136m▄\e[38;2;143;121;138;48;2;147;126;143m▄\e[38;2;141;127;138;48;2;99;83;94m▄\e[38;2;106;73;91;48;2;133;113;129m▄\e[38;2;96;57;65;48;2;119;93;103m▄\e[49m            \e[m
\e[49m       \e[38;2;115;96;101;49m▄\e[38;2;198;183;188;49m▄\e[38;2;220;209;209;49m▄\e[38;2;206;198;198;49m▄\e[49m    \e[38;2;187;174;181;48;2;187;172;181m▄\e[38;2;205;197;209;48;2;211;199;209m▄\e[38;2;172;155;170;48;2;162;140;147m▄\e[38;2;194;172;187;48;2;212;194;206m▄\e[38;2;186;160;175;48;2;216;203;212m▄\e[38;2;216;201;208;48;2;222;211;216m▄\e[38;2;199;152;161;48;2;183;144;155m▄\e[38;2;106;36;47;48;2;167;141;134m▄\e[38;2;146;22;49;48;2;98;32;49m▄\e[38;2;203;124;144;48;2;117;72;76m▄\e[38;2;247;244;236;48;2;202;170;167m▄\e[38;2;250;240;233;48;2;211;198;192m▄\e[38;2;249;240;231;48;2;232;217;211m▄\e[38;2;247;235;228;48;2;238;226;216m▄\e[38;2;242;152;200;48;2;153;24;57m▄\e[38;2;218;165;187;48;2;192;115;137m▄\e[38;2;215;166;166;48;2;133;89;94m▄\e[38;2;162;127;140;48;2;144;112;121m▄\e[38;2;151;122;142;48;2;157;131;149m▄\e[38;2;161;139;155;48;2;198;185;194m▄\e[38;2;141;126;135;48;2;142;120;133m▄\e[49m              \e[m
\e[49m      \e[49;38;2;138;117;122m▀\e[38;2;88;79;79;48;2;166;150;150m▄\e[38;2;189;175;179;48;2;195;180;188m▄\e[38;2;219;211;215;48;2;173;157;160m▄\e[38;2;221;214;216;48;2;173;157;160m▄\e[38;2;213;208;211;48;2;185;169;174m▄\e[38;2;229;225;229;48;2;195;183;188m▄\e[38;2;190;179;187;48;2;196;188;190m▄\e[38;2;213;207;215;48;2;174;159;170m▄\e[38;2;205;198;208;48;2;200;190;201m▄\e[38;2;203;195;202;48;2;177;163;174m▄\e[38;2;193;181;190;48;2;209;196;207m▄\e[38;2;191;172;183;48;2;182;161;174m▄\e[38;2;193;180;191;48;2;193;177;186m▄\e[38;2;191;172;182;48;2;215;199;208m▄\e[38;2;198;181;192;48;2;215;196;209m▄\e[38;2;211;182;183;48;2;183;142;138m▄\e[38;2;225;193;190;48;2;234;136;188m▄\e[38;2;247;221;215;48;2;245;190;209m▄\e[38;2;247;235;226;48;2;249;238;230m▄\e[48;2;249;239;231m \e[38;2;248;237;229;48;2;249;237;227m▄\e[38;2;247;237;228;48;2;247;235;225m▄\e[38;2;247;235;226;48;2;246;229;221m▄\e[38;2;243;227;218;48;2;245;212;208m▄\e[38;2;199;166;174;48;2;202;163;165m▄\e[38;2;185;157;172;48;2;172;141;156m▄\e[38;2;182;169;183;48;2;152;130;147m▄\e[38;2;170;153;167;48;2;142;122;136m▄\e[38;2;197;177;193;48;2;135;111;126m▄\e[38;2;193;180;193;48;2;166;144;155m▄\e[38;2;215;205;215;48;2;130;108;119m▄\e[38;2;229;220;226;49m▄\e[38;2;168;150;158;49m▄\e[49m          \e[m
\e[49m     \e[38;2;172;166;169;49m▄\e[38;2;186;178;183;48;2;128;109;115m▄\e[38;2;183;170;183;48;2;202;194;198m▄\e[38;2;168;153;165;48;2;225;219;223m▄\e[38;2;170;158;165;48;2;231;229;230m▄\e[38;2;184;172;177;48;2;242;242;243m▄\e[38;2;214;202;207;48;2;243;242;242m▄\e[38;2;247;240;243;48;2;211;203;207m▄\e[38;2;248;247;249;48;2;226;220;226m▄\e[38;2;246;244;246;48;2;250;248;251m▄\e[38;2;243;242;244;48;2;239;238;240m▄\e[38;2;205;197;206;48;2;205;200;206m▄\e[38;2;204;187;202;48;2;193;179;190m▄\e[38;2;218;203;216;48;2;185;171;181m▄\e[38;2;225;210;221;48;2;160;143;153m▄\e[38;2;217;193;206;48;2;218;209;216m▄\e[38;2;239;231;236;48;2;216;202;207m▄\e[38;2;223;207;217;48;2;197;178;187m▄\e[38;2;212;194;205;48;2;230;217;214m▄\e[38;2;211;196;200;48;2;242;230;221m▄\e[38;2;223;206;206;48;2;250;237;231m▄\e[38;2;235;221;217;48;2;250;240;232m▄\e[38;2;245;232;223;48;2;246;236;228m▄\e[38;2;244;230;220;48;2;248;234;228m▄\e[38;2;246;224;222;48;2;246;230;222m▄\e[38;2;220;202;203;48;2;243;230;222m▄\e[38;2;212;196;203;48;2;190;164;172m▄\e[38;2;193;180;192;48;2;221;210;219m▄\e[38;2;185;175;189;48;2;202;193;206m▄\e[38;2;177;166;183;48;2;170;157;173m▄\e[38;2;190;176;189;48;2;171;154;171m▄\e[38;2;176;159;175;48;2;191;177;191m▄\e[38;2;189;180;192;48;2;176;161;175m▄\e[38;2;174;161;175;48;2;171;160;174m▄\e[38;2;158;149;164;48;2;184;177;189m▄\e[38;2;160;153;169;48;2;181;175;185m▄\e[38;2;176;168;184;48;2;179;169;178m▄\e[38;2;192;186;196;48;2;187;174;182m▄\e[38;2;197;195;202;48;2;191;182;187m▄\e[38;2;168;152;167;48;2;130;113;125m▄\e[38;2;142;128;142;49m▄\e[38;2;117;96;112;49m▄\e[49m   \e[m
\e[38;2;196;188;191;49m▄\e[38;2;210;200;205;49m▄\e[38;2;230;230;230;49m▄\e[38;2;249;248;248;48;2;97;97;97m▄\e[38;2;252;252;254;48;2;128;120;120m▄\e[38;2;252;252;254;48;2;143;130;134m▄\e[38;2;250;249;250;48;2;187;173;183m▄\e[38;2;248;245;247;48;2;186;178;188m▄\e[38;2;245;242;243;48;2;197;186;194m▄\e[38;2;238;235;237;48;2;219;211;214m▄\e[38;2;227;218;222;48;2;246;245;246m▄\e[38;2;227;218;224;48;2;252;249;250m▄\e[38;2;232;230;231;48;2;246;243;244m▄\e[38;2;212;210;214;48;2;241;239;240m▄\e[38;2;200;193;208;48;2;238;236;238m▄\e[38;2;183;173;187;48;2;215;210;217m▄\e[38;2;195;179;192;48;2;202;190;202m▄\e[38;2;128;45;69;48;2;179;152;169m▄\e[38;2;137;21;24;48;2;185;159;171m▄\e[38;2;160;30;28;48;2;195;178;186m▄\e[38;2;148;90;96;48;2;190;168;181m▄\e[38;2;173;161;167;48;2;239;232;237m▄\e[38;2;229;221;226;48;2;252;249;252m▄\e[38;2;244;238;243;48;2;240;233;239m▄\e[38;2;244;238;245;48;2;214;200;211m▄\e[38;2;218;209;220;48;2;198;182;192m▄\e[38;2;184;169;177;48;2;192;167;175m▄\e[38;2;164;150;161;48;2;209;187;189m▄\e[38;2;159;136;149;48;2;222;202;193m▄\e[38;2;143;122;132;48;2;207;182;185m▄\e[38;2;130;107;120;48;2;204;185;192m▄\e[38;2;128;106;117;48;2;203;185;195m▄\e[38;2;142;122;136;48;2;169;152;165m▄\e[38;2;199;193;206;48;2;175;166;182m▄\e[38;2;223;221;225;48;2;205;199;211m▄\e[38;2;203;196;202;48;2;192;179;188m▄\e[38;2;227;225;230;48;2;202;196;206m▄\e[38;2;167;149;163;48;2;190;174;189m▄\e[38;2;181;167;182;48;2;183;172;185m▄\e[38;2;169;157;172;48;2;162;149;165m▄\e[38;2;150;138;153;48;2;144;131;147m▄\e[38;2;110;96;110;48;2;157;147;160m▄\e[38;2;159;152;159;48;2;199;193;201m▄\e[38;2;231;226;232;48;2;210;207;214m▄\e[38;2;217;212;219;48;2;231;228;231m▄\e[38;2;222;219;224;48;2;128;116;120m▄\e[49;38;2;140;123;136m▀\e[38;2;106;79;97;48;2;124;102;117m▄\e[49m  \e[m
\e[38;2;217;210;217;48;2;209;196;203m▄\e[38;2;218;210;215;48;2;218;211;216m▄\e[38;2;213;206;209;48;2;233;228;233m▄\e[38;2;202;193;199;48;2;235;231;234m▄\e[38;2;178;174;178;48;2;227;220;224m▄\e[38;2;173;166;178;48;2;217;208;213m▄\e[38;2;173;166;180;48;2;214;205;210m▄\e[38;2;166;159;173;48;2;218;213;216m▄\e[38;2;171;164;178;48;2;197;192;195m▄\e[38;2;170;164;176;48;2;201;194;198m▄\e[38;2;190;171;175;48;2;213;190;190m▄\e[38;2;221;206;206;48;2;194;174;184m▄\e[38;2;173;163;175;48;2;174;166;180m▄\e[38;2;163;151;168;48;2;208;194;212m▄\e[38;2;201;180;191;48;2;185;174;190m▄\e[38;2;134;103;116;48;2;207;194;208m▄\e[38;2;121;25;37;48;2;159;117;135m▄\e[38;2;186;35;22;48;2;142;21;24m▄\e[38;2;190;77;71;48;2;193;42;32m▄\e[38;2;179;161;165;48;2;162;97;101m▄\e[38;2;156;126;126;48;2;164;32;31m▄\e[38;2;205;44;28;48;2;151;35;31m▄\e[38;2;177;39;34;48;2;146;112;127m▄\e[38;2;185;156;165;48;2;207;194;204m▄\e[38;2;166;141;150;48;2;212;204;215m▄\e[38;2;185;172;186;48;2;234;226;234m▄\e[38;2;210;197;212;48;2;211;200;212m▄\e[38;2;200;189;205;48;2;214;206;216m▄\e[38;2;169;161;171;48;2;164;150;166m▄\e[38;2;213;157;176;48;2;112;78;97m▄\e[38;2;203;159;163;48;2;117;89;107m▄\e[38;2;169;150;163;48;2;133;111;123m▄\e[38;2;183;173;182;48;2;170;158;175m▄\e[38;2;217;215;220;48;2;217;214;221m▄\e[38;2;197;189;200;48;2;225;221;229m▄\e[38;2;124;52;73;48;2;169;157;162m▄\e[38;2;193;188;190;48;2;229;225;228m▄\e[38;2;157;140;152;48;2;163;158;161m▄\e[38;2;162;154;173;48;2;131;116;135m▄\e[38;2;180;168;185;48;2;171;164;180m▄\e[38;2;166;155;169;48;2;167;158;171m▄\e[38;2;144;133;148;48;2;98;85;98m▄\e[49m \e[38;2;105;90;105;48;2;185;172;180m▄\e[38;2;231;222;231;48;2;233;231;238m▄\e[38;2;166;158;167;48;2;234;228;238m▄\e[38;2;129;112;118;48;2;119;99;111m▄\e[38;2;120;110;133;49m▄\e[38;2;58;51;73;49m▄\e[49m \e[m
\e[38;2;194;179;185;48;2;205;196;206m▄\e[49;38;2;188;181;186m▀\e[38;2;181;173;181;49m▄\e[38;2;234;228;234;48;2;143;132;137m▄\e[38;2;176;167;178;48;2;182;175;193m▄\e[38;2;174;167;180;48;2;167;161;176m▄\e[38;2;173;157;172;48;2;174;164;180m▄\e[38;2;212;180;180;48;2;169;160;174m▄\e[38;2;209;187;192;48;2;178;170;187m▄\e[38;2;176;146;148;48;2;188;178;194m▄\e[38;2;214;187;186;48;2;183;166;177m▄\e[38;2;249;232;226;48;2;245;233;223m▄\e[38;2;237;219;217;48;2;197;164;169m▄\e[38;2;146;96;106;48;2;171;144;153m▄\e[38;2;114;73;82;48;2;179;156;161m▄\e[38;2;151;125;139;48;2;210;178;179m▄\e[38;2;187;162;162;48;2;172;109;104m▄\e[38;2;206;176;168;48;2;193;37;25m▄\e[38;2;139;19;26;48;2;203;45;34m▄\e[38;2;165;23;25;48;2;164;71;66m▄\e[38;2;198;29;36;48;2;201;45;37m▄\e[38;2;143;16;21;48;2;205;38;27m▄\e[38;2;193;39;25;48;2;193;37;35m▄\e[38;2;204;43;29;48;2;162;58;56m▄\e[38;2;184;118;119;48;2;196;175;174m▄\e[38;2;188;158;165;48;2;149;123;135m▄\e[38;2;221;210;213;48;2;166;151;162m▄\e[38;2;187;175;192;48;2;200;189;205m▄\e[38;2;161;143;161;48;2;151;131;142m▄\e[38;2;202;185;194;48;2;186;168;190m▄\e[38;2;201;194;198;48;2;211;179;186m▄\e[38;2;161;150;165;48;2;163;144;155m▄\e[38;2;161;119;126;48;2;203;196;206m▄\e[38;2;117;25;33;48;2;182;164;177m▄\e[38;2;106;19;34;48;2;142;108;115m▄\e[38;2;89;51;57;48;2;156;134;145m▄\e[38;2;193;177;193;48;2;170;155;166m▄\e[38;2;194;178;195;48;2;180;160;177m▄\e[38;2;162;151;172;48;2;167;159;178m▄\e[38;2;167;158;172;48;2;180;166;180m▄\e[38;2;167;156;174;48;2;173;160;178m▄\e[38;2;151;139;156;48;2;149;135;154m▄\e[38;2;123;103;118;48;2;128;107;117m▄\e[38;2;132;113;123;48;2;141;128;142m▄\e[38;2;161;153;163;48;2;158;146;157m▄\e[38;2;164;148;162;48;2;158;147;158m▄\e[49;38;2;128;103;109m▀\e[38;2;103;96;109;48;2;125;117;140m▄\e[38;2;128;122;147;48;2;121;117;139m▄\e[38;2;117;107;133;48;2;16;16;33m▄\e[m
\e[49m \e[38;2;174;166;174;49m▄\e[38;2;157;138;150;48;2;204;193;199m▄\e[38;2;220;213;220;48;2;236;231;236m▄\e[38;2;124;110;120;48;2;169;159;170m▄\e[38;2;96;72;88;48;2;148;138;150m▄\e[38;2;169;160;175;48;2;155;145;158m▄\e[38;2;174;164;181;48;2;170;156;170m▄\e[38;2;178;154;155;48;2;204;178;182m▄\e[38;2;194;164;164;48;2;217;193;192m▄\e[38;2;219;191;192;48;2;219;194;191m▄\e[38;2;217;200;196;48;2;234;222;219m▄\e[38;2;245;232;230;48;2;250;238;235m▄\e[38;2;237;218;217;48;2;201;171;172m▄\e[38;2;126;62;66;48;2;131;64;70m▄\e[38;2;96;35;49;48;2;119;69;83m▄\e[38;2;116;78;91;48;2;138;116;135m▄\e[38;2;135;113;133;48;2;147;122;142m▄\e[38;2;137;112;129;48;2;162;99;106m▄\e[38;2;197;38;32;48;2;181;28;29m▄\e[38;2;210;40;26;48;2;173;30;25m▄\e[38;2;219;47;28;48;2;191;31;25m▄\e[38;2;219;44;28;48;2;218;46;27m▄\e[38;2;219;41;29;48;2;208;42;27m▄\e[38;2;179;32;24;48;2;198;56;45m▄\e[38;2;186;66;67;48;2;182;146;153m▄\e[38;2;157;129;131;48;2;183;162;165m▄\e[38;2;179;166;170;48;2;197;186;192m▄\e[38;2;197;189;197;48;2;196;187;189m▄\e[38;2;210;200;225;48;2;238;233;246m▄\e[38;2;147;145;161;48;2;160;154;169m▄\e[38;2;145;133;145;48;2;171;162;178m▄\e[38;2;154;34;33;48;2;143;46;54m▄\e[38;2;154;27;28;48;2;128;24;27m▄\e[38;2;146;25;29;48;2;135;22;28m▄\e[38;2;84;17;30;48;2;86;30;39m▄\e[38;2;126;93;101;48;2;196;178;194m▄\e[38;2;154;142;156;48;2;188;177;192m▄\e[38;2;144;130;148;48;2;148;138;155m▄\e[38;2;157;143;158;48;2;173;162;177m▄\e[38;2;160;150;165;48;2;164;154;171m▄\e[38;2;137;118;137;48;2;136;122;138m▄\e[49;38;2;143;129;146m▀\e[38;2;128;118;128;48;2;155;141;155m▄\e[38;2;137;123;137;48;2;147;137;152m▄\e[49;38;2;118;100;112m▀\e[49m \e[49;38;2;61;49;73m▀\e[38;2;126;116;139;48;2;126;118;142m▄\e[38;2;126;116;143;48;2;125;116;141m▄\e[m
\e[49m \e[38;2;162;154;162;48;2;173;161;170m▄\e[49;38;2;158;139;153m▀\e[38;2;202;195;200;48;2;219;212;221m▄\e[38;2;111;100;107;48;2;182;174;180m▄\e[38;2;158;146;158;48;2;138;128;138m▄\e[38;2;176;165;185;48;2;172;161;178m▄\e[38;2;192;124;129;48;2;185;164;175m▄\e[38;2;192;172;168;48;2;190;162;159m▄\e[38;2;130;105;119;48;2;169;144;152m▄\e[38;2;141;118;138;48;2;147;121;133m▄\e[38;2;140;119;140;48;2;166;130;144m▄\e[38;2;58;36;52;48;2;190;165;172m▄\e[38;2;47;25;40;48;2;203;179;186m▄\e[38;2;49;28;43;48;2;81;42;52m▄\e[38;2;45;24;34;48;2;58;20;34m▄\e[38;2;49;24;35;48;2;77;44;58m▄\e[38;2;201;177;185;48;2;185;163;170m▄\e[38;2;139;119;138;48;2;140;122;139m▄\e[38;2;116;88;105;48;2;108;60;69m▄\e[38;2;177;32;28;48;2;174;28;27m▄\e[38;2;173;33;31;48;2;189;35;30m▄\e[38;2;189;34;24;48;2;207;39;26m▄\e[38;2;193;35;21;48;2;210;39;25m▄\e[38;2;186;32;21;48;2;189;35;27m▄\e[38;2;149;25;22;48;2;154;25;23m▄\e[38;2;142;25;21;48;2;189;45;43m▄\e[38;2;199;37;28;48;2;168;88;90m▄\e[38;2;113;62;75;48;2;173;138;142m▄\e[38;2;201;181;185;48;2;185;165;169m▄\e[38;2;183;164;163;48;2;165;153;161m▄\e[38;2;195;55;60;48;2;144;92;96m▄\e[38;2;150;26;31;48;2;164;33;38m▄\e[38;2;154;27;26;48;2;156;27;27m▄\e[38;2;139;23;27;48;2;139;23;28m▄\e[38;2;91;18;33;48;2;84;16;30m▄\e[38;2;107;25;44;48;2;108;24;45m▄\e[38;2;101;23;46;48;2;93;55;67m▄\e[38;2;100;72;87;48;2;138;124;135m▄\e[38;2;158;144;162;48;2;158;146;161m▄\e[38;2;107;94;112;48;2;144;131;146m▄\e[49;38;2;133;119;133m▀\e[38;2;110;34;51;49m▄\e[38;2;152;95;99;49m▄\e[38;2;164;101;108;49m▄\e[38;2;99;47;66;49m▄\e[38;2;85;68;85;49m▄\e[38;2;150;90;105;49m▄\e[38;2;173;123;132;48;2;126;115;133m▄\e[38;2;155;139;160;48;2;138;128;152m▄\e[m
\e[49m \e[49;38;2;153;133;133m▀\e[49m  \e[49;38;2;148;131;138m▀\e[38;2;178;168;181;48;2;177;164;179m▄\e[38;2;209;197;203;48;2;188;176;190m▄\e[38;2;193;73;63;48;2;203;110;110m▄\e[38;2;212;189;185;48;2;216;194;191m▄\e[38;2;129;103;116;48;2;141;115;130m▄\e[38;2;129;106;124;48;2;128;106;124m▄\e[38;2;111;87;110;48;2;138;118;138m▄\e[38;2;110;86;110;48;2;121;97;117m▄\e[38;2;53;32;47;48;2;46;26;43m▄\e[38;2;46;26;41;48;2;49;27;44m▄\e[38;2;48;28;41;48;2;50;27;39m▄\e[38;2;124;103;111;48;2;52;28;39m▄\e[38;2;197;174;181;48;2;202;178;187m▄\e[38;2;139;120;138;48;2;138;120;137m▄\e[38;2;47;13;16;48;2;105;81;98m▄\e[38;2;164;29;28;48;2;124;20;24m▄\e[38;2;80;18;21;48;2;120;15;23m▄\e[38;2;160;33;29;48;2;178;35;23m▄\e[38;2;154;26;26;48;2;162;28;15m▄\e[38;2;147;35;34;48;2;183;30;25m▄\e[38;2;143;32;29;48;2;151;26;24m▄\e[38;2;138;18;21;48;2;148;26;26m▄\e[38;2;69;9;40;48;2;95;15;21m▄\e[38;2;160;140;145;48;2;178;156;159m▄\e[38;2;197;176;182;48;2;205;184;189m▄\e[38;2;172;69;79;48;2;141;86;85m▄\e[38;2;93;20;33;48;2;216;49;51m▄\e[38;2;149;23;26;48;2;139;23;28m▄\e[38;2;152;26;26;48;2;148;25;23m▄\e[38;2;143;25;23;48;2;143;24;29m▄\e[38;2;105;24;40;48;2;97;20;35m▄\e[38;2;119;28;48;48;2;108;27;44m▄\e[38;2;110;29;47;48;2;108;26;47m▄\e[38;2;108;32;49;48;2;93;28;42m▄\e[38;2;102;27;46;48;2;129;70;73m▄\e[38;2;103;27;46;48;2;195;103;111m▄\e[38;2;102;33;53;48;2;152;72;81m▄\e[38;2;78;29;55;48;2;132;71;94m▄\e[38;2;68;27;56;48;2;95;42;70m▄\e[38;2;68;24;55;48;2;72;26;52m▄\e[38;2;67;22;50;48;2;69;18;42m▄\e[38;2;65;21;42;48;2;62;30;54m▄\e[38;2;73;42;59;48;2;149;125;133m▄\e[38;2;141;110;121;48;2;188;138;149m▄\e[38;2;188;141;143;48;2;159;129;144m▄\e[m
\e[49m     \e[38;2;124;106;118;48;2;156;136;147m▄\e[38;2;184;141;155;48;2;208;195;204m▄\e[38;2;188;40;25;48;2;184;41;39m▄\e[38;2;132;93;96;48;2;186;159;159m▄\e[38;2;185;157;164;48;2;141;112;122m▄\e[38;2;131;102;118;48;2;131;106;124m▄\e[38;2;123;98;115;48;2;139;115;136m▄\e[38;2;138;116;133;48;2;134;112;133m▄\e[38;2;142;120;138;48;2;139;117;135m▄\e[38;2;138;117;134;48;2;70;49;65m▄\e[38;2;141;117;129;48;2;50;29;45m▄\e[38;2;210;186;187;48;2;170;146;149m▄\e[38;2;144;117;138;48;2;164;134;148m▄\e[38;2;58;23;33;48;2;117;92;109m▄\e[38;2;65;10;15;48;2;52;9;11m▄\e[38;2;162;27;22;48;2;166;28;23m▄\e[38;2;55;11;19;48;2;82;18;22m▄\e[38;2;62;9;29;48;2;118;22;22m▄\e[38;2;98;18;27;48;2;150;32;32m▄\e[38;2;151;30;27;48;2;148;33;29m▄\e[38;2;104;19;30;48;2;144;31;28m▄\e[38;2;60;9;30;48;2;71;7;20m▄\e[38;2;64;10;28;48;2;69;11;29m▄\e[38;2;122;100;110;48;2;140;123;133m▄\e[38;2;113;87;98;48;2;148;126;135m▄\e[38;2;78;38;50;48;2;99;45;54m▄\e[38;2;55;11;19;48;2;76;31;39m▄\e[38;2;74;34;47;48;2;123;34;43m▄\e[38;2;113;28;37;48;2;156;24;26m▄\e[38;2;149;24;29;48;2;144;27;28m▄\e[38;2;111;25;40;48;2;109;26;44m▄\e[38;2;119;32;52;48;2;119;30;51m▄\e[38;2;116;31;52;48;2;113;30;51m▄\e[38;2;116;33;54;48;2;114;32;52m▄\e[38;2;99;31;52;48;2;102;30;50m▄\e[38;2;106;35;54;48;2;109;35;55m▄\e[38;2;106;36;56;48;2;112;37;58m▄\e[38;2;99;34;55;48;2;110;37;59m▄\e[38;2;114;36;60;48;2;101;37;56m▄\e[38;2;108;36;56;48;2;114;34;59m▄\e[38;2;105;32;51;48;2;105;31;52m▄\e[38;2;104;30;50;48;2;104;27;46m▄\e[38;2;105;30;49;48;2;104;27;47m▄\e[38;2;104;34;50;48;2;107;61;80m▄\e[38;2;131;121;141;48;2;139;116;125m▄\e[m
\e[49m \e[38;2;135;55;75;49m▄\e[38;2;132;58;77;49m▄\e[38;2;101;46;65;49m▄\e[38;2;89;31;46;49m▄\e[38;2;137;64;84;49m▄\e[38;2;125;52;71;48;2;163;132;147m▄\e[38;2;178;31;19;48;2;192;34;18m▄\e[38;2;78;14;25;48;2;80;27;36m▄\e[38;2;116;80;84;48;2;198;172;172m▄\e[38;2;217;188;189;48;2;166;139;144m▄\e[38;2;205;181;179;48;2;132;104;117m▄\e[38;2;205;181;177;48;2;132;105;120m▄\e[38;2;189;158;164;48;2;132;107;121m▄\e[38;2;206;181;177;48;2;158;132;144m▄\e[38;2;192;167;170;48;2;211;187;183m▄\e[38;2;99;67;78;48;2;174;147;156m▄\e[38;2;46;7;14;48;2;89;57;65m▄\e[38;2;63;8;15;48;2;51;7;16m▄\e[38;2;133;21;25;48;2;124;28;15m▄\e[38;2;63;17;22;48;2;82;17;25m▄\e[38;2;111;50;64;48;2;117;52;69m▄\e[38;2;104;38;59;48;2;80;19;41m▄\e[38;2;64;14;32;48;2;64;11;32m▄\e[38;2;63;13;34;48;2;80;15;33m▄\e[38;2;60;10;28;48;2;64;9;31m▄\e[38;2;59;7;26;48;2;62;9;29m▄\e[38;2;67;17;35;48;2;68;13;35m▄\e[38;2;138;113;125;48;2;134;112;122m▄\e[38;2;122;99;111;48;2;135;108;120m▄\e[38;2;59;13;27;48;2;89;31;49m▄\e[38;2;106;13;22;48;2;162;24;33m▄\e[38;2;115;32;46;48;2;73;24;31m▄\e[38;2;86;51;75;48;2;97;56;78m▄\e[38;2;83;22;40;48;2;97;21;37m▄\e[38;2;102;24;46;48;2;104;25;41m▄\e[38;2;119;32;56;48;2;111;29;49m▄\e[38;2;123;41;64;48;2;119;34;56m▄\e[38;2;119;38;61;48;2;119;35;57m▄\e[38;2;106;34;56;48;2;105;34;54m▄\e[38;2;106;37;57;48;2;105;36;55m▄\e[38;2;105;38;59;48;2;106;36;57m▄\e[38;2;107;39;58;48;2;110;37;59m▄\e[38;2;112;41;66;48;2;113;39;61m▄\e[38;2;102;36;59;48;2;110;39;57m▄\e[38;2;102;32;58;48;2;106;39;53m▄\e[38;2;82;65;69;48;2;95;50;63m▄\e[38;2;72;56;64;48;2;83;43;55m▄\e[38;2;84;40;53;48;2;102;36;50m▄\e[38;2;140;129;156;48;2;115;99;122m▄\e[m
\e[38;2;156;71;93;48;2;152;69;91m▄\e[38;2;164;76;98;48;2;160;71;93m▄\e[38;2;165;78;97;48;2;155;71;93m▄\e[38;2;155;67;89;48;2;147;64;85m▄\e[38;2;125;52;71;48;2;163;78;98m▄\e[38;2;129;58;78;48;2;165;79;101m▄\e[38;2;120;53;76;48;2;159;75;95m▄\e[38;2;125;31;36;48;2;112;22;20m▄\e[38;2;124;21;21;48;2;81;13;18m▄\e[38;2;71;15;22;48;2;67;16;22m▄\e[38;2;64;12;18;48;2;131;102;105m▄\e[38;2;82;38;50;48;2;196;166;167m▄\e[38;2;105;71;80;48;2;205;179;176m▄\e[38;2;112;79;88;48;2;176;145;150m▄\e[38;2;77;41;47;48;2;179;153;157m▄\e[38;2;55;8;17;48;2;104;76;83m▄\e[38;2;55;8;16;48;2;49;7;15m▄\e[38;2;102;17;17;48;2;53;9;13m▄\e[38;2;88;17;24;48;2;116;19;24m▄\e[38;2;120;24;22;48;2;74;15;24m▄\e[38;2;80;38;44;48;2;65;39;42m▄\e[38;2;113;47;66;48;2;113;47;67m▄\e[38;2;102;39;60;48;2;107;40;61m▄\e[38;2;83;24;44;48;2;74;19;37m▄\e[38;2;69;31;44;48;2;64;19;37m▄\e[38;2;72;47;47;48;2;56;18;31m▄\e[38;2;102;68;65;48;2;61;13;31m▄\e[38;2;116;74;74;48;2;62;9;30m▄\e[38;2;121;83;88;48;2;138;113;123m▄\e[38;2;87;39;47;48;2;74;31;46m▄\e[38;2;93;35;38;48;2;98;12;22m▄\e[38;2;69;20;25;48;2;98;10;21m▄\e[38;2;80;42;61;48;2;87;36;50m▄\e[38;2;71;45;61;48;2;86;50;73m▄\e[49;38;2;69;20;34m▀\e[49;38;2;88;28;46m▀\e[38;2;98;36;58;48;2;95;31;52m▄\e[38;2;109;37;59;48;2;109;39;60m▄\e[38;2;103;39;62;48;2;113;45;66m▄\e[38;2;104;39;62;48;2;115;41;65m▄\e[38;2;103;40;60;48;2;112;39;63m▄\e[38;2;108;39;60;48;2;109;40;60m▄\e[38;2;111;42;61;48;2;108;42;59m▄\e[38;2;104;38;61;48;2;109;40;65m▄\e[38;2;108;38;58;48;2;106;36;59m▄\e[38;2;98;48;63;48;2;94;49;65m▄\e[38;2;81;46;57;48;2;75;62;68m▄\e[38;2;79;44;53;48;2;73;57;64m▄\e[38;2;109;57;74;48;2;91;40;51m▄\e[38;2;140;137;161;48;2;139;136;164m▄\e[m
\e[38;2;113;106;132;48;2;99;58;81m▄\e[38;2;74;49;69;48;2;110;43;67m▄\e[38;2;79;31;48;48;2;104;40;63m▄\e[38;2;78;28;47;48;2;92;40;61m▄\e[38;2;51;15;29;48;2;92;38;63m▄\e[49;38;2;75;30;47m▀\e[49;38;2;74;28;46m▀\e[49;38;2;79;21;34m▀\e[38;2;67;6;24;48;2;150;25;19m▄\e[38;2;118;18;20;48;2;87;16;20m▄\e[38;2;106;17;15;48;2;73;16;24m▄\e[38;2;83;17;24;48;2;74;17;24m▄\e[38;2;79;16;23;48;2;72;17;25m▄\e[38;2;79;16;23;48;2;74;15;24m▄\e[38;2;86;14;22;48;2;71;15;22m▄\e[38;2;86;18;25;48;2;62;10;17m▄\e[38;2;65;11;20;48;2;100;20;22m▄\e[38;2;65;22;31;48;2;81;17;25m▄\e[38;2;56;34;38;48;2;74;24;27m▄\e[38;2;106;47;61;48;2;81;15;27m▄\e[38;2;110;45;63;48;2;116;40;57m▄\e[38;2;88;29;50;48;2;101;37;59m▄\e[38;2;92;20;43;48;2;86;22;45m▄\e[38;2;84;13;36;48;2;75;17;39m▄\e[38;2;75;11;32;48;2;65;32;37m▄\e[38;2;77;29;41;48;2;96;69;65m▄\e[38;2;89;54;56;48;2;81;54;52m▄\e[38;2;79;54;52;48;2;103;76;71m▄\e[38;2;70;47;45;48;2;89;62;59m▄\e[38;2;96;96;110;48;2;91;77;79m▄\e[38;2;113;115;131;48;2;110;106;127m▄\e[38;2;81;66;75;48;2;88;69;78m▄\e[38;2;86;63;74;48;2;75;50;62m▄\e[38;2;114;92;106;48;2;75;38;57m▄\e[38;2;161;152;170;49m▄\e[38;2;147;137;154;49m▄\e[49m \e[49;38;2;127;45;65m▀\e[38;2;103;49;60;48;2;140;49;72m▄\e[38;2;145;50;75;48;2;114;41;62m▄\e[38;2;130;49;71;48;2;105;41;59m▄\e[38;2;123;43;66;48;2;105;40;59m▄\e[38;2;105;40;59;48;2;117;43;65m▄\e[38;2;108;40;59;48;2;107;39;60m▄\e[38;2;100;46;64;48;2;103;39;56m▄\e[38;2;74;60;67;48;2;101;36;49m▄\e[38;2;66;63;68;48;2;104;33;47m▄\e[38;2;101;37;53;48;2;104;35;50m▄\e[38;2;128;119;150;48;2;113;87;105m▄\e[38;2;102;102;127;48;2;114;114;132m▄\e[m
\e[49m          \e[49;38;2;65;13;18m▀\e[49;38;2;80;18;26m▀\e[38;2;52;26;31;48;2;78;16;25m▄\e[38;2;68;26;31;48;2;76;16;23m▄\e[38;2;116;21;30;48;2;56;8;18m▄\e[38;2;130;31;31;48;2;62;21;25m▄\e[38;2;74;42;51;48;2;56;41;41m▄\e[38;2;81;36;51;48;2;60;37;41m▄\e[38;2;91;36;55;48;2;97;42;62m▄\e[38;2;98;30;53;48;2;104;42;60m▄\e[38;2;89;21;45;48;2;97;31;56m▄\e[38;2;85;15;38;48;2;88;21;47m▄\e[38;2;81;11;36;48;2;80;14;35m▄\e[38;2;79;8;34;48;2;80;10;33m▄\e[38;2;83;11;32;48;2;91;14;37m▄\e[38;2;99;15;36;48;2;99;14;37m▄\e[38;2;100;13;38;48;2;91;12;31m▄\e[38;2;101;19;46;48;2;80;14;29m▄\e[38;2;110;81;98;48;2;58;8;25m▄\e[38;2;130;32;57;48;2;41;4;14m▄\e[38;2;85;8;26;48;2;56;18;29m▄\e[38;2;85;36;40;48;2;113;105;113m▄\e[38;2;240;232;238;48;2;189;183;191m▄\e[38;2;227;217;227;48;2;243;238;243m▄\e[38;2;223;209;221;48;2;200;189;204m▄\e[38;2;209;196;217;48;2;208;199;224m▄\e[38;2;196;198;223;48;2;177;158;164m▄\e[38;2;66;47;68;49m▄\e[38;2;49;33;41;49m▄\e[49;38;2;125;49;71m▀\e[49;38;2;146;51;77m▀\e[38;2;94;79;97;48;2;123;46;66m▄\e[38;2;112;50;75;48;2;105;39;59m▄\e[38;2;131;49;70;48;2;102;41;64m▄\e[38;2;94;48;62;48;2;89;77;87m▄\e[38;2;76;62;67;48;2;75;62;75m▄\e[38;2;92;35;51;48;2;79;49;62m▄\e[38;2;119;115;132;48;2;110;81;101m▄\e[38;2;85;85;102;48;2;131;142;157m▄\e[49m \e[m
\e[49m              \e[38;2;53;21;32;49m▄\e[38;2;56;10;23;48;2;94;81;81m▄\e[38;2;74;10;28;48;2;62;22;35m▄\e[38;2;112;36;56;48;2;100;26;46m▄\e[38;2;92;64;69;48;2;65;21;35m▄\e[38;2;69;28;38;48;2;83;30;46m▄\e[38;2;71;18;36;48;2;81;14;35m▄\e[38;2;94;10;36;48;2;79;9;32m▄\e[38;2;105;13;36;48;2;83;12;35m▄\e[38;2;97;10;33;48;2;97;12;37m▄\e[38;2;143;20;46;48;2;100;16;35m▄\e[38;2;156;25;54;48;2;123;16;42m▄\e[38;2;130;20;41;48;2;125;21;42m▄\e[38;2;122;28;54;48;2;116;28;49m▄\e[38;2;126;100;111;48;2;121;93;109m▄\e[38;2;214;201;219;48;2;204;195;199m▄\e[38;2;129;41;62;48;2;102;23;44m▄\e[38;2;99;33;54;48;2;72;26;35m▄\e[38;2;168;158;178;48;2;204;192;211m▄\e[38;2;189;184;204;48;2;199;185;206m▄\e[38;2;191;189;204;48;2;199;190;211m▄\e[38;2;203;203;222;48;2;195;195;213m▄\e[38;2;156;148;158;48;2;197;204;223m▄\e[38;2;57;16;23;48;2;80;52;73m▄\e[38;2;66;24;40;48;2;70;43;67m▄\e[38;2;66;41;58;48;2;52;38;59m▄\e[38;2;106;83;100;48;2;237;234;237m▄\e[38;2;162;142;159;48;2;228;228;233m▄\e[38;2;150;81;96;48;2;184;184;195m▄\e[38;2;140;53;68;48;2;133;116;139m▄\e[38;2;118;42;52;48;2;111;75;96m▄\e[38;2;94;63;86;48;2;79;34;45m▄\e[38;2;125;24;30;49m▄\e[38;2;116;17;23;49m▄\e[38;2;85;15;23;49m▄\e[49m \e[m
\e[49m            \e[38;2;60;0;30;49m▄\e[38;2;37;0;19;48;2;34;0;0m▄\e[38;2;58;6;23;48;2;55;6;23m▄\e[38;2;84;58;71;48;2;68;3;26m▄\e[38;2;171;165;178;48;2;74;31;48m▄\e[38;2;81;58;71;48;2;76;54;60m▄\e[38;2;123;19;48;48;2;79;31;40m▄\e[38;2;142;23;52;48;2;125;17;48m▄\e[38;2;178;126;136;48;2;82;11;28m▄\e[38;2;84;19;29;48;2;133;20;42m▄\e[38;2;171;32;52;48;2;159;26;48m▄\e[38;2;81;29;36;48;2;113;17;34m▄\e[38;2;136;23;45;48;2;156;26;51m▄\e[38;2;155;26;48;48;2;156;26;51m▄\e[38;2;136;23;45;48;2;140;20;46m▄\e[38;2;84;42;52;48;2;113;34;54m▄\e[38;2;161;116;132;48;2;173;133;145m▄\e[38;2;194;161;168;48;2;162;125;136m▄\e[38;2;197;168;174;48;2;163;126;140m▄\e[38;2;174;145;158;48;2;130;51;74m▄\e[38;2;155;119;132;48;2;116;37;62m▄\e[38;2;119;39;61;48;2;119;94;113m▄\e[38;2;81;19;42;48;2;145;136;150m▄\e[38;2;65;16;36;48;2;102;76;85m▄\e[38;2;97;13;19;48;2;69;11;17m▄\e[38;2;93;13;30;48;2;70;6;14m▄\e[38;2;70;23;30;48;2;116;12;15m▄\e[38;2;83;17;31;48;2;137;12;24m▄\e[38;2;74;11;21;48;2;107;9;22m▄\e[38;2;62;15;22;48;2;81;6;13m▄\e[38;2;65;19;30;48;2;94;7;13m▄\e[38;2;55;16;24;48;2;100;10;17m▄\e[38;2;95;53;62;48;2;91;15;22m▄\e[38;2;99;52;61;48;2;76;23;27m▄\e[38;2;87;46;55;48;2;80;20;32m▄\e[38;2;87;43;53;48;2;115;26;34m▄\e[38;2;92;41;51;48;2;134;31;40m▄\e[38;2;106;44;56;48;2;104;35;46m▄\e[m
\e[49m       \e[38;2;144;144;163;49m▄\e[38;2;184;179;198;49m▄\e[38;2;59;23;41;48;2;107;101;114m▄\e[38;2;45;0;18;48;2;74;45;66m▄\e[38;2;43;0;17;48;2;64;8;26m▄\e[38;2;47;0;21;48;2;47;4;18m▄\e[38;2;55;17;38;48;2;40;4;18m▄\e[38;2;127;119;136;48;2;78;48;63m▄\e[38;2;132;115;132;48;2;146;146;157m▄\e[38;2;98;21;38;48;2;111;103;118m▄\e[38;2;153;21;55;48;2;106;26;47m▄\e[38;2;140;21;51;48;2;157;22;58m▄\e[38;2;212;195;208;48;2;155;63;89m▄\e[38;2;106;59;72;48;2;197;175;186m▄\e[38;2;174;34;55;48;2;157;33;58m▄\e[38;2;132;59;68;48;2;113;29;40m▄\e[38;2;157;93;93;48;2;118;59;67m▄\e[38;2;163;100;105;48;2;122;67;70m▄\e[38;2;119;59;64;48;2;76;11;29m▄\e[38;2;76;13;30;48;2;84;7;29m▄\e[38;2;170;132;140;48;2;157;117;128m▄\e[38;2;200;170;178;48;2;197;168;175m▄\e[38;2;136;98;110;48;2;166;133;140m▄\e[38;2;132;85;98;48;2;171;142;153m▄\e[38;2;204;191;208;48;2;140;122;133m▄\e[38;2;204;191;208;48;2;149;131;146m▄\e[38;2;191;174;187;48;2;192;177;196m▄\e[38;2;204;200;217;48;2;148;100;122m▄\e[38;2;195;183;200;48;2;102;22;44m▄\e[38;2;138;46;75;48;2;80;15;33m▄\e[38;2;117;17;48;48;2;70;11;33m▄\e[38;2;101;13;40;48;2;73;12;35m▄\e[38;2;87;14;36;48;2;78;24;51m▄\e[38;2;83;9;32;48;2;81;36;61m▄\e[38;2;72;14;38;48;2;79;42;71m▄\e[38;2;75;35;60;48;2;78;43;69m▄\e[38;2;83;42;62;48;2;76;40;67m▄\e[38;2;76;43;65;48;2;116;56;83m▄\e[38;2;74;45;62;48;2;118;59;88m▄\e[38;2;73;36;61;48;2;99;52;73m▄\e[38;2;140;134;159;48;2;103;76;92m▄\e[38;2;141;141;181;48;2;87;58;75m▄\e[38;2;82;58;74;48;2;85;42;57m▄\e[m
\e[49m     \e[38;2;162;162;193;49m▄\e[38;2;168;160;182;48;2;180;180;193m▄\e[38;2;120;106;120;48;2;180;180;197m▄\e[38;2;47;0;20;48;2;78;50;67m▄\e[38;2;72;46;52;48;2;37;0;11m▄\e[38;2;96;64;64;48;2;53;11;21m▄\e[38;2;87;56;56;48;2;82;46;56m▄\e[38;2;73;55;55;48;2;92;66;66m▄\e[38;2;61;18;30;48;2;75;55;55m▄\e[38;2;85;6;24;48;2;112;102;107m▄\e[38;2;121;12;42;48;2;85;25;40m▄\e[38;2;152;18;42;48;2;110;10;30m▄\e[38;2;146;18;49;48;2;153;15;51m▄\e[38;2;67;0;12;48;2;153;20;61m▄\e[38;2;109;6;30;48;2;70;0;10m▄\e[38;2;170;24;55;48;2;155;20;50m▄\e[38;2;194;42;73;48;2;178;41;66m▄\e[38;2;140;18;42;48;2;153;20;46m▄\e[38;2;115;12;36;48;2;145;85;85m▄\e[38;2;140;85;79;48;2;165;105;100m▄\e[38;2;115;67;67;48;2;115;60;65m▄\e[38;2;134;91;97;48;2;85;50;60m▄\e[38;2;146;115;128;48;2;165;125;140m▄\e[38;2;164;146;158;48;2;180;155;160m▄\e[38;2;146;115;121;48;2;168;148;163m▄\e[38;2;164;128;134;48;2;153;117;122m▄\e[38;2;231;225;231;48;2;235;230;235m▄\e[38;2;237;231;237;48;2;250;245;245m▄\e[38;2;219;200;219;48;2;185;165;180m▄\e[38;2;243;237;237;48;2;250;245;245m▄\e[38;2;249;243;249;48;2;255;250;255m▄\e[38;2;249;249;249;48;2;245;240;245m▄\e[38;2;249;249;249;48;2;214;209;224m▄\e[38;2;236;230;242;48;2;138;133;143m▄\e[38;2;191;185;204;48;2;119;92;109m▄\e[38;2;188;181;201;48;2;105;44;67m▄\e[38;2;96;55;76;48;2;102;28;51m▄\e[38;2;71;7;28;48;2;119;30;59m▄\e[38;2;58;7;29;48;2;97;24;55m▄\e[38;2;100;23;46;48;2;78;39;65m▄\e[38;2;128;48;72;48;2;74;40;60m▄\e[38;2;76;42;59;48;2;78;35;64m▄\e[38;2;70;35;70;48;2;67;45;75m▄\e[38;2;151;151;189;48;2;159;167;207m▄\e[38;2;146;158;194;48;2;128;137;177m▄\e[m
\e[49m   \e[38;2;136;136;153;49m▄\e[38;2;166;153;179;48;2;170;170;191m▄\e[38;2;170;158;182;48;2;170;170;189m▄\e[38;2;158;158;170;48;2;164;173;191m▄\e[38;2;46;0;12;48;2;62;26;44m▄\e[38;2;53;0;21;48;2;49;0;16m▄\e[38;2;82;10;31;48;2;74;8;25m▄\e[38;2;82;10;31;48;2;80;16;24m▄\e[38;2;98;10;29;48;2;85;8;23m▄\e[38;2;49;20;29;48;2;82;15;22m▄\e[38;2;69;29;39;48;2;52;0;15m▄\e[38;2;98;0;20;48;2;142;15;45m▄\e[38;2;137;20;39;48;2;150;22;45m▄\e[38;2;69;0;10;48;2;150;15;45m▄\e[38;2;76;0;19;48;2;67;0;8m▄\e[38;2;151;19;47;48;2;100;8;23m▄\e[38;2;167;20;59;48;2;165;22;52m▄\e[38;2;142;19;38;48;2;180;30;60m▄\e[38;2;137;20;39;48;2;150;22;45m▄\e[38;2;147;20;39;48;2;135;15;37m▄\e[38;2;147;20;49;48;2;135;15;37m▄\e[38;2;123;19;38;48;2;135;15;45m▄\e[38;2;108;78;88;48;2;82;37;45m▄\e[38;2;113;85;85;48;2;112;82;82m▄\e[38;2;147;118;128;48;2;150;120;128m▄\e[38;2;227;227;227;48;2;210;203;210m▄\e[38;2;208;189;208;48;2;158;128;135m▄\e[38;2;198;198;198;48;2;180;135;150m▄\e[38;2;245;245;245;48;2;248;240;248m▄\e[38;2;255;245;255;48;2;248;248;248m▄\e[38;2;206;196;206;48;2;218;203;218m▄\e[38;2;226;216;226;48;2;232;225;232m▄\e[38;2;245;245;245;48;2;232;232;232m▄\e[38;2;245;235;245;48;2;248;248;248m▄\e[38;2;245;245;245;48;2;247;247;247m▄▄\e[38;2;244;244;244;48;2;239;239;239m▄\e[38;2;234;234;244;48;2;206;197;214m▄\e[38;2;188;188;200;48;2;178;170;195m▄\e[38;2;174;174;185;48;2;88;53;70m▄\e[38;2;61;24;36;48;2;55;9;27m▄\e[38;2;51;0;26;48;2;59;0;20m▄\e[38;2;51;0;13;48;2;41;10;20m▄\e[38;2;40;0;13;48;2;106;32;53m▄\e[38;2;57;0;28;48;2;89;33;55m▄\e[38;2;128;96;112;48;2;134;146;170m▄\e[38;2;137;157;196;48;2;150;165;195m▄\e[m
\e[49m   \e[49;38;2;157;157;177m▀\e[49;38;2;164;164;182m▀\e[49;38;2;153;153;187m▀\e[49;38;2;159;159;175m▀\e[49;38;2;45;0;15m▀▀\e[49;38;2;57;0;28m▀\e[49;38;2;57;14;28m▀\e[38;2;78;39;39;48;2;54;27;40m▄\e[38;2;78;20;20;48;2;81;40;40m▄\e[38;2;98;0;20;48;2;81;27;27m▄\e[38;2;98;0;20;48;2;81;0;13m▄\e[38;2;98;0;20;48;2;54;0;0m▄\e[38;2;137;0;39;48;2;81;0;13m▄\e[38;2;157;20;39;48;2;148;13;40m▄\e[38;2;157;0;39;48;2;161;13;54m▄\e[38;2;118;0;20;48;2;161;13;40m▄\e[38;2;157;20;39;48;2;148;13;40m▄▄\e[38;2;137;20;39;48;2;148;13;40m▄\e[38;2;137;0;39;48;2;134;13;40m▄\e[38;2;98;59;78;48;2;121;40;67m▄\e[38;2;118;78;98;48;2;121;81;94m▄\e[38;2;39;20;20;48;2;81;40;40m▄\e[38;2;137;118;118;48;2;148;121;134m▄\e[38;2;235;235;235;48;2;242;242;242m▄\e[38;2;235;235;235;48;2;242;228;242m▄\e[38;2;235;235;235;48;2;228;215;228m▄\e[38;2;216;216;216;48;2;228;215;228m▄\e[38;2;216;196;216;48;2;228;215;228m▄\e[38;2;196;196;196;48;2;201;188;201m▄\e[38;2;177;177;177;48;2;228;215;228m▄\e[38;2;235;235;235;48;2;255;242;242m▄\e[38;2;235;235;235;48;2;242;242;242m▄▄\e[49;38;2;241;241;241m▀▀\e[49;38;2;240;240;240m▀\e[49;38;2;210;210;225m▀\e[49;38;2;191;175;191m▀\e[49m \e[49;38;2;36;0;18m▀\e[49;38;2;55;0;18m▀\e[49;38;2;39;0;20m▀\e[49;38;2;78;20;59m▀\e[49m  \e[m
\e[49m                                                  \e[m
\e[49m                                                  \e[m
\e[49m                                                  \e[m
\e[49m                                                  \e[m